T	Energy	DE	Helicity Modulus	DHM	defects_a	Dna	defects_b	Dnb	Polyakov Loop	DPL	autocorrelation	n_sweeps	acceptance
100	-0.796573	68.0261	0.00126057	0.00420659	8	5	9	4	0	0	14	14	1
90	-1.6473	57.6358	0.00740579	0.00356813	8	4	8	4	0	0	14	14	1
81	-0.444664	71.1195	-0.00257078	0.00433203	8	4	9	3	0	0	14	14	0.984375
72.9	-0.807711	61.2495	-0.00103198	0.0038825	8	4	8	5	0	0	14	14	1
65.61	-1.017	68.5061	-0.00033134	0.00433109	8	4	8	4	0	0	14	14	1
59.049	-0.449323	65.7754	-0.00520312	0.00409581	9	3	8	4	0	0	15	15	0.96875
53.1441	-1.06103	56.421	-0.000633141	0.00368835	9	3	9	3	0	0	13	13	1
47.8297	-1.40083	57.7218	0.000335985	0.00377872	9	3	9	3	0	0	14	14	0.984375
43.0467	-1.88127	59.5759	0.00342246	0.00394669	8	4	8	4	0	0	14	14	1
38.742	-1.53032	65.8503	-0.00120862	0.00414806	8	4	8	4	0	0	14	14	1
34.8678	-1.47333	62.8609	-0.00340273	0.00423436	8	5	8	4	0	0	14	14	0.96875
31.3811	-2.22746	63.2122	0.00156312	0.00434807	8	4	8	3	0	0	14	14	0.96875
28.243	-1.17498	58.1081	-0.00954065	0.00394237	8	4	8	4	0	0	14	14	0.984375
25.4187	-2.19753	70.8207	-0.00187329	0.00497022	8	3	8	4	0	0	14	14	0.921875
22.8768	-2.79251	61.8057	0.00224031	0.0042126	8	4	8	4	0	0	15	15	0.96875
20.5891	-3.61889	66.5897	0.00162028	0.00576214	8	4	8	4	0	0	14	14	1
18.5302	-4.39083	65.5669	0.00567265	0.0060757	8	4	8	4	0	0	13	13	0.96875
16.6772	-3.78774	62.4182	-0.000991113	0.00572712	8	4	8	4	0	0	15	15	0.953125
15.0095	-4.29817	63.5319	0.000679305	0.00639371	8	4	8	4	0	0	14	14	0.96875
13.5085	-4.67847	62.8319	-0.00434932	0.00667585	8	4	8	4	0	0	15	15	0.953125
12.1577	-5.57567	66.6083	0.003189	0.0069482	8	4	8	4	0	0	15	15	0.953125
10.9419	-5.73448	72.3416	0.000466346	0.00751379	8	4	8	4	0	0	16	16	0.90625
9.84771	-6.44106	63.3876	0.000675149	0.00832811	8	3	8	4	0	0	15	15	0.9375
8.86294	-6.73158	66.8668	-0.0113855	0.0125932	8	4	8	4	0	0	15	15	0.9375
7.97664	-8.17912	66.1584	0.0109304	0.00911772	8	3	8	3	0	0	17	17	0.875
7.17898	-9.48538	65.716	0.0111344	0.0122645	8	4	8	3	0	0	16	16	0.90625
6.46108	-10.8317	61.732	-0.00621026	0.0177872	7	4	8	3	0	0	16	16	0.90625
5.81497	-10.5908	65.3196	-0.00293991	0.0198918	8	4	8	4	0	0	16	16	0.890625
5.23348	-12.3875	70.8457	-0.00101369	0.027044	7	4	7	4	0	0	18	18	0.84375
4.71013	-13.6275	69.8008	-0.000680824	0.0279413	7	4	7	4	0	0	19	19	0.75
4.23912	-15.0822	73.2061	-0.0114953	0.0398392	7	4	7	4	0	0	20	20	0.84375
3.8152	-17.0774	75.1882	0.00701731	0.0341652	7	4	7	4	0	0	22	22	0.765625
3.43368	-19.51	67.4705	0.00965057	0.037846	7	3	7	3	0	0	21	21	0.796875
3.09032	-21.6411	73.468	-0.00215576	0.0595771	7	3	6	4	0	0	24	24	0.8125
2.78128	-23.9953	72.5557	0.0109485	0.0736369	6	3	6	4	0	0	28	28	0.75
2.50316	-27.3738	76.6021	0.0141602	0.0714084	6	3	6	3	0	0	32	32	0.71875
2.25284	-29.9393	75.7999	-0.00781191	0.11231	6	3	6	3	0	0	37	37	0.71875
2.02756	-34.2644	80.7573	-0.014708	0.245926	5	3	5	3	0	0	42	42	0.65625
1.8248	-39.3724	94.1523	0.033725	0.183831	5	3	5	3	0	0	56	56	0.640625
1.64232	-45.2448	89.6657	0.0111093	0.231475	4	3	4	3	0	0	74	74	0.4375
1.47809	-52.1219	95.8667	0.0706728	0.256248	3	3	3	3	0	0	122	122	0.421875
1.33028	-61.5312	119.861	0.166532	0.264458	2	3	2	3	0	0	192	192	0.609375
1.19725	-71.1804	126.323	0.325093	0.187342	1	2	1	2	0	0	236	236	0.484375
1.07753	-82.3069	88.6608	0.486037	0.140839	1	1	1	1	0	0	211	211	0.59375
0.969774	-89.3742	57.5705	0.601378	0.13619	0	1	0	1	0	0	143	143	0.484375
0.872796	-94.2426	44.3582	0.678768	0.0303849	0	0	0	0	0	0	111	111	0.546875
0.785517	-98.4202	30.8622	0.728967	0.0185741	0	0	0	0	0	0	94	94	0.4375
0.706965	-102.887	21.7333	0.783594	0.00380592	0	0	0	0	0	0	85	85	0.453125
0.636269	-105.6	14.864	0.807757	0.00482021	0	0	0	0	0	0	76	76	0.40625
0.572642	-108.251	12.2925	0.834848	0.00148547	0	0	0	0	0	0	71	71	0.546875
0.515378	-110.444	9.40097	0.855263	0.000962527	0	0	0	0	0	0	70	70	0.578125
0.46384	-112.447	6.95632	0.8721	0.000661589	0	0	0	0	0	0	69	69	0.546875
0.417456	-113.939	7.03668	0.884786	0.000705266	0	0	0	0	0	0	73	73	0.34375
0.37571	-115.5	4.67816	0.899047	0.000372826	0	0	0	0	0	0	65	65	0.453125
0.338139	-116.86	3.90272	0.909872	0.00034088	0	0	0	0	0	0	66	66	0.5
0.304325	-117.889	3.31161	0.918721	0.000257348	0	0	0	0	0	0	63	63	0.421875
0.273893	-119.097	2.51059	0.928651	0.000184068	0	0	0	0	0	0	62	62	0.359375
0.246503	-119.997	2.1171	0.935932	0.000157026	0	0	0	0	0	0	63	63	0.609375
0.221853	-120.881	1.64948	0.943267	0.000115485	0	0	0	0	0	0	62	62	0.625
0.199668	-121.6	1.3751	0.949042	9.75943e-05	0	0	0	0	0	0	66	66	0.4375
0.179701	-122.197	1.1484	0.953922	8.03548e-05	0	0	0	0	0	0	63	63	0.59375
0.161731	-122.79	0.864701	0.958701	5.90939e-05	0	0	0	0	0	0	64	64	0.59375
0.145558	-123.323	0.697425	0.963012	4.59231e-05	0	0	0	0	0	0	62	62	0.421875
0.131002	-123.734	0.539971	0.966218	3.8069e-05	0	0	0	0	0	0	64	64	0.515625
0.117902	-124.224	0.455644	0.970185	3.01765e-05	0	0	0	0	0	0	62	62	0.46875
0.106112	-124.607	0.35901	0.973286	2.35397e-05	0	0	0	0	0	0	64	64	0.453125
0.0955005	-124.926	0.305248	0.975801	1.9528e-05	0	0	0	0	0	0	63	63	0.484375
0.0859504	-125.282	0.231836	0.978627	1.46615e-05	0	0	0	0	0	0	58	58	0.40625
0.0773554	-125.513	0.187435	0.980437	1.19276e-05	0	0	0	0	0	0	60	60	0.59375
0.0696199	-125.75	0.156936	0.98231	9.93276e-06	0	0	0	0	0	0	58	58	0.40625
0.0626579	-126.009	0.117585	0.98437	7.35181e-06	0	0	0	0	0	0	60	60	0.59375
0.0563921	-126.232	0.0955396	0.986125	6.00333e-06	0	0	0	0	0	0	59	59	0.515625
0.0507529	-126.388	0.0764362	0.987363	4.76396e-06	0	0	0	0	0	0	59	59	0.46875
0.0456776	-126.546	0.0691218	0.9886	4.28708e-06	0	0	0	0	0	0	64	64	0.484375
0.0411098	-126.698	0.0532907	0.989796	3.30618e-06	0	0	0	0	0	0	61	61	0.484375
0.0369988	-126.831	0.0450657	0.990837	2.8128e-06	0	0	0	0	0	0	61	61	0.515625
0.033299	-126.958	0.0345113	0.991835	2.14663e-06	0	0	0	0	0	0	62	62	0.390625
0.0299691	-127.062	0.0267185	0.992654	1.65824e-06	0	0	0	0	0	0	62	62	0.390625
0.0269722	-127.151	0.0231514	0.993358	1.42633e-06	0	0	0	0	0	0	58	58	0.53125
0.0242749	-127.228	0.0182292	0.993958	1.12463e-06	0	0	0	0	0	0	63	63	0.484375
0.0218475	-127.317	0.013712	0.994652	8.45388e-07	0	0	0	0	0	0	60	60	0.53125
0.0196627	-127.38	0.0120462	0.995147	7.42527e-07	0	0	0	0	0	0	56	56	0.625
0.0176964	-127.439	0.0106155	0.995608	6.5304e-07	0	0	0	0	0	0	60	60	0.59375
0.0159268	-127.501	0.00796547	0.9961	4.89895e-07	0	0	0	0	0	0	60	60	0.625
0.0143341	-127.543	0.00734652	0.996427	4.50107e-07	0	0	0	0	0	0	59	59	0.453125
0.0129007	-127.59	0.00533723	0.996794	3.27915e-07	0	0	0	0	0	0	62	62	0.484375
0.0116106	-127.633	0.00377217	0.997129	2.31038e-07	0	0	0	0	0	0	60	60	0.453125
0.0104496	-127.669	0.0036617	0.997412	2.25032e-07	0	0	0	0	0	0	61	61	0.578125
